1515248423343210500			
1505450604801540098			
1516161175746191368	618539620	1500247364162002945	1519824565739921413
1460600500764971008			
1520471479137325056	1707381894		
1512836525779787781	1517264998682271744		
363770078	1511124612217720843	1518977087427784705	
951201031643283456	1465591503309344769	1445371917351931907	
1317385210254651393	42294952		
1511132156822700035	1518977087427784705		
1520471479137325056	455982159		
1496677549534900228	1516161175746191368	1457594101226868741	19961846
1384555689843040259	1517264998682271744		
1511124612217720843	1183474595728384001		
1334604956746149889	1517264998682271744	1522058559818772481	
1461197422672027653	1506112872270614535		